           1656998775                   59                   67                   69                   75                   81
           1317576820                   53                   61                   70                   71                   82
           1327718744                   44                   71                   71                   73                   82
           2718862848                   64                   78                   81                   82                   82
           1367859588                   58                   58                   69                   71                   83
           1638347760                   60                   61                   73                   73                   84
           1813577850                   53                   70                   71                   81                   85
           1768783950                   50                   69                   71                   83                   87
           2588148288                   54                   81                   82                   82                   88
           1839757680                   58                   68                   71                   73                   90
           1778459760                   51                   68                   74                   77                   90
           1525829760                   52                   56                   71                   82                   90
           1751984640                   51                   64                   71                   84                   90
           1386987840                   38                   68                   71                   84                   90
           1699874190                   49                   61                   71                   89                   90
           2989716480                   64                   72                   81                   89                   90
           1766178960                   60                   67                   68                   71                   91
           1577931264                   53                   64                   71                   72                   91
           1367926560                   52                   60                   66                   73                   91
           1637579216                   56                   62                   71                   73                   91
           1449768320                   44                   62                   73                   80                   91
           1379187810                   30                   77                   81                   81                   91
           1263644928                   42                   63                   64                   82                   91
           1764792848                   47                   68                   74                   82                   91
           1995667128                   51                   69                   76                   82                   91
           1426973184                   41                   64                   72                   83                   91
           1288239680                   26                   80                   82                   83                   91
           1148923776                   32                   61                   77                   84                   91
           1989167544                   54                   61                   79                   84                   91
           1958673717                   51                   63                   77                   87                   91
           1619332988                   38                   62                   83                   91                   91
           1256369664                   53                   61                   64                   66                   92
           1165295736                   51                   53                   66                   71                   92
           2963378880                   63                   70                   83                   88                   92
           3811779972                   73                   77                   81                   91                   92
           1689938432                   38                   64                   83                   91                   92
           1155736296                   51                   52                   66                   71                   93
           1543963680                   54                   61                   63                   80                   93
           2368776960                   66                   67                   72                   80                   93
           1518675399                   51                   59                   67                   81                   93
           1479631860                   46                   61                   70                   81                   93
           1365999624                   41                   59                   66                   92                   93
           3593918970                   57                   81                   90                   93                   93
           1365494760                   54                   61                   63                   70                   94
           1469347840                   43                   64                   71                   80                   94
           2646937728                   62                   72                   76                   83                   94
           1715484960                   51                   60                   71                   84                   94
           1656896640                   56                   60                   61                   86                   94
           1844986880                   41                   68                   80                   88                   94
           1974649728                   48                   67                   71                   92                   94
           4268998720                   70                   82                   86                   92                   94
           1924957944                   42                   57                   91                   94                   94
           1953198765                   51                   63                   79                   81                   95
           3988975995                   57                   89                   89                   93                   95
           1236777984                   31                   72                   74                   78                   96
           1977685632                   52                   67                   73                   81                   96
           1764389760                   43                   70                   71                   86                   96
           1739888640                   31                   80                   84                   87                   96
           1579488768                   47                   51                   78                   88                   96
           2996379648                   48                   76                   92                   93                   96
           1793187396                   33                   76                   81                   91                   97
           1776794880                   48                   70                   71                   76                   98
           3388949760                   64                   70                   83                   93                   98
           1477713699                   47                   63                   71                   71                   99
           1237876992                   32                   67                   72                   81                   99
           1963387998                   39                   73                   81                   86                   99
           1997149770                   41                   71                   77                   90                   99
           1139737599                   31                   53                   77                   91                   99
           2693599920                   53                   62                   90                   92                   99
